34,12
34,5
34,4
34,3
34,1
33,127
33,126
33,125
33,124
33,123
33,122
33,121
33,120
33,119
33,118
33,117
33,116
33,115
33,114
33,113
33,112
33,111
33,110
33,109
33,108
33,107
33,106
33,105
33,104
33,103
33,102
33,101
33,100
33,99
33,98
33,97
33,96
33,95
33,94
33,93
33,92
33,91
33,90
33,89
33,88
33,87
33,86
33,85
33,84
33,83
33,82
33,81
33,80
33,79
33,78
33,77
33,76
33,75
33,74
33,73
33,72
33,71
33,70
33,69
33,68
33,67
33,66
33,65
33,64
33,38
33,37
33,36
33,35
33,34
33,33
33,32
33,5
33,4
33,3
33,1
33,0
31,17
31,1
29,5
29,3
29,1
28,5
28,3
28,1
27,3
27,1
25,4
25,3
25,1
24,3
24,1
20,3
20,2
20,1
19,3
19,2
19,1
18,3
18,1
14,5
14,4
14,3
14,1
13,3
13,1
12,3
12,2
12,1
11,27
11,26
11,25
11,24
11,23
11,22
11,19
11,17
11,15
11,13
11,5
11,3
11,2
11,1
10,305
10,293
10,279
10,271
10,267
10,217
10,215
10,205
10,181
